180.	0.012
190	0.019
200	0.030
205	0.051
210	0.075
215	0.095
220	0.120
225	0.150
230	0.190
235	0.240
240	0.300
245	0.360
250	0.430
254	0.500
255	0.520
260	0.650
265	0.810
270	1.000
275	0.960
280	0.880
285	0.770
290	0.640
295	0.540
297	0.460
300	0.300
303	0.120
305	0.060
308	0.026
310	0.015
313	0.006
315	0.003
316	0.0024
317	0.0020
318	0.0016
319	0.0012
320	0.0010
322	0.00067
323	0.00054
325	0.00050
328	0.00044
330	0.00041
333	0.00037
335	0.00034
340	0.00028
345	0.00024
350	0.00020
355	0.00016
360	0.00013
365	0.00011
370	0.000093
375	0.000077
380	0.000064
385	0.000053
390	0.000044
395	0.000036
400	0.000030
