Spectral actinic flux, quanta cm-2 s-1 nm-1
values at z =      0.500 km
Columns: wavelength (nm), times (hrs.) or sza (deg.)
    wc, nm     12.000     14.000     16.000     18.000     20.000
    sza =       1.829     28.200     58.205     88.211    118.216
  120.7000  0.000E+00  0.000E+00  0.000E+00  0.000E+00  0.000E+00
  121.6500  0.000E+00  0.000E+00  0.000E+00  0.000E+00  0.000E+00
  122.1000  0.000E+00  0.000E+00  0.000E+00  0.000E+00  0.000E+00
  122.7000  0.000E+00  0.000E+00  0.000E+00  0.000E+00  0.000E+00
  123.4500  0.000E+00  0.000E+00  0.000E+00  0.000E+00  0.000E+00
  124.2000  0.000E+00  0.000E+00  0.000E+00  0.000E+00  0.000E+00
  125.0000  0.000E+00  0.000E+00  0.000E+00  0.000E+00  0.000E+00
  125.8000  0.000E+00  0.000E+00  0.000E+00  0.000E+00  0.000E+00
  126.6000  0.000E+00  0.000E+00  0.000E+00  0.000E+00  0.000E+00
  127.8000  0.000E+00  0.000E+00  0.000E+00  0.000E+00  0.000E+00
  129.0000  0.000E+00  0.000E+00  0.000E+00  0.000E+00  0.000E+00
  129.8500  0.000E+00  0.000E+00  0.000E+00  0.000E+00  0.000E+00
  131.1500  0.000E+00  0.000E+00  0.000E+00  0.000E+00  0.000E+00
  133.5000  0.000E+00  0.000E+00  0.000E+00  0.000E+00  0.000E+00
  136.0000  0.000E+00  0.000E+00  0.000E+00  0.000E+00  0.000E+00
  141.0000  0.000E+00  0.000E+00  0.000E+00  0.000E+00  0.000E+00
  150.0000  0.000E+00  0.000E+00  0.000E+00  0.000E+00  0.000E+00
  160.0000  0.000E+00  0.000E+00  0.000E+00  0.000E+00  0.000E+00
  167.5000  0.000E+00  0.000E+00  0.000E+00  0.000E+00  0.000E+00
  172.2000  0.000E+00  0.000E+00  0.000E+00  0.000E+00  0.000E+00
  175.7000  0.000E+00  0.000E+00  0.000E+00  0.000E+00  0.000E+00
  177.8000  0.000E+00  0.000E+00  0.000E+00  0.000E+00  0.000E+00
  179.4000  0.000E+00  0.000E+00  0.000E+00  0.000E+00  0.000E+00
  181.0000  0.000E+00  0.000E+00  0.000E+00  0.000E+00  0.000E+00
  182.6500  0.000E+00  0.000E+00  0.000E+00  0.000E+00  0.000E+00
  184.3500  0.000E+00  0.000E+00  0.000E+00  0.000E+00  0.000E+00
  186.0500  0.000E+00  0.000E+00  0.000E+00  0.000E+00  0.000E+00
  187.8000  0.000E+00  0.000E+00  0.000E+00  0.000E+00  0.000E+00
  189.6000  0.000E+00  0.000E+00  0.000E+00  0.000E+00  0.000E+00
  191.4000  0.000E+00  0.000E+00  0.000E+00  0.000E+00  0.000E+00
  193.2500  0.000E+00  0.000E+00  0.000E+00  0.000E+00  0.000E+00
  195.1500  0.000E+00  0.000E+00  0.000E+00  0.000E+00  0.000E+00
  197.0500  0.000E+00  0.000E+00  0.000E+00  0.000E+00  0.000E+00
  199.0000  0.000E+00  0.000E+00  0.000E+00  0.000E+00  0.000E+00
  201.0000  0.000E+00  0.000E+00  0.000E+00  0.000E+00  0.000E+00
  203.0500  0.000E+00  0.000E+00  0.000E+00  0.000E+00  0.000E+00
  204.9500  0.000E+00  0.000E+00  0.000E+00  0.000E+00  0.000E+00
  207.0665  0.000E+00  0.000E+00  0.000E+00  0.000E+00  0.000E+00
  209.4295  0.000E+00  0.000E+00  0.000E+00  0.000E+00  0.000E+00
  211.6460  0.000E+00  0.000E+00  0.000E+00  0.000E+00  0.000E+00
  213.9100  0.000E+00  0.000E+00  0.000E+00  0.000E+00  0.000E+00
  216.2225  0.000E+00  0.000E+00  0.000E+00  0.000E+00  0.000E+00
  218.5855  0.000E+00  0.000E+00  0.000E+00  0.000E+00  0.000E+00
  221.0010  0.000E+00  0.000E+00  0.000E+00  0.000E+00  0.000E+00
  223.4705  0.000E+00  0.000E+00  0.000E+00  0.000E+00  0.000E+00
  225.9960  0.000E+00  0.000E+00  0.000E+00  0.000E+00  0.000E+00
  228.5790  0.000E+00  0.000E+00  0.000E+00  0.000E+00  0.000E+00
  231.2215  0.000E+00  0.000E+00  0.000E+00  0.000E+00  0.000E+00
  233.9260  0.000E+00  0.000E+00  0.000E+00  0.000E+00  0.000E+00
  236.6945  0.000E+00  0.000E+00  0.000E+00  0.000E+00  0.000E+00
  239.5295  0.000E+00  0.000E+00  0.000E+00  0.000E+00  0.000E+00
  242.4330  0.000E+00  0.000E+00  0.000E+00  0.000E+00  0.000E+00
  245.4080  0.000E+00  0.000E+00  0.000E+00  0.000E+00  0.000E+00
  248.4570  0.000E+00  0.000E+00  0.000E+00  0.000E+00  0.000E+00
  251.5825  0.000E+00  0.000E+00  0.000E+00  0.000E+00  0.000E+00
  254.7875  0.000E+00  0.000E+00  0.000E+00  0.000E+00  0.000E+00
  258.0750  0.000E+00  0.000E+00  0.000E+00  0.000E+00  0.000E+00
  261.4490  0.000E+00  0.000E+00  0.000E+00  0.000E+00  0.000E+00
  264.9125  0.000E+00  0.000E+00  0.000E+00  0.000E+00  0.000E+00
  268.4685  0.000E+00  0.000E+00  0.000E+00  0.000E+00  0.000E+00
  272.1215  0.000E+00  0.000E+00  0.000E+00  0.000E+00  0.000E+00
  275.8755  0.000E+00  0.000E+00  0.000E+00  0.000E+00  0.000E+00
  279.7340  0.000E+00  0.000E+00  0.000E+00  0.000E+00  0.000E+00
  283.7020  0.000E+00  0.000E+00  0.000E+00  0.000E+00  0.000E+00
  287.7845  0.000E+00  0.000E+00  0.000E+00  0.000E+00  0.000E+00
  291.9865  1.077E+10  3.007E+09  8.013E+06  3.086E+05  0.000E+00
  296.3090  5.094E+11  2.348E+11  4.320E+09  5.074E+07  0.000E+00
  300.5000  4.471E+12  2.748E+12  2.061E+11  1.046E+09  0.000E+00
  303.0000  1.547E+13  1.067E+13  1.457E+12  5.574E+09  0.000E+00
  304.0000  1.820E+13  1.291E+13  2.031E+12  7.384E+09  0.000E+00
  305.0000  2.717E+13  1.999E+13  3.825E+12  1.319E+10  0.000E+00
  306.0000  2.701E+13  2.031E+13  4.358E+12  1.478E+10  0.000E+00
  307.0000  3.599E+13  2.776E+13  6.820E+12  2.307E+10  0.000E+00
  308.0000  4.423E+13  3.486E+13  9.608E+12  3.333E+10  0.000E+00
  309.0000  4.711E+13  3.771E+13  1.128E+13  4.049E+10  0.000E+00
  310.0000  4.719E+13  3.853E+13  1.281E+13  4.984E+10  0.000E+00
  311.0000  8.029E+13  6.616E+13  2.309E+13  9.382E+10  0.000E+00
  312.0000  7.534E+13  6.294E+13  2.365E+13  1.064E+11  0.000E+00
  313.0000  8.522E+13  7.199E+13  2.869E+13  1.439E+11  0.000E+00
  314.0000  9.708E+13  8.265E+13  3.433E+13  1.887E+11  0.000E+00
  316.0000  1.010E+14  8.746E+13  3.977E+13  2.876E+11  0.000E+00
  320.0000  1.316E+14  1.166E+14  5.961E+13  7.358E+11  0.000E+00
  325.0000  1.710E+14  1.543E+14  8.672E+13  1.945E+12  0.000E+00
  330.0000  2.184E+14  1.989E+14  1.173E+14  3.497E+12  0.000E+00
  335.0000  2.090E+14  1.918E+14  1.172E+14  4.234E+12  0.000E+00
  340.0000  2.311E+14  2.132E+14  1.335E+14  5.263E+12  0.000E+00
  345.0000  2.283E+14  2.114E+14  1.348E+14  5.489E+12  0.000E+00
  350.0000  2.382E+14  2.214E+14  1.435E+14  5.927E+12  0.000E+00
  355.0000  2.527E+14  2.357E+14  1.551E+14  6.520E+12  0.000E+00
  360.0000  2.313E+14  2.163E+14  1.444E+14  6.140E+12  0.000E+00
  365.0000  2.970E+14  2.786E+14  1.886E+14  8.102E+12  0.000E+00
  370.0000  3.074E+14  2.891E+14  1.981E+14  8.591E+12  0.000E+00
  375.0000  2.798E+14  2.638E+14  1.830E+14  8.004E+12  0.000E+00
  380.0000  3.230E+14  3.053E+14  2.142E+14  9.458E+12  0.000E+00
  385.0000  2.539E+14  2.404E+14  1.705E+14  7.604E+12  0.000E+00
  390.0000  3.332E+14  3.163E+14  2.266E+14  1.021E+13  0.000E+00
  395.0000  2.576E+14  2.449E+14  1.773E+14  8.073E+12  0.000E+00
  400.0000  4.643E+14  4.423E+14  3.231E+14  1.488E+13  0.000E+00
  405.0000  4.676E+14  4.463E+14  3.290E+14  1.531E+13  0.000E+00
  410.0000  4.898E+14  4.682E+14  3.481E+14  1.635E+13  0.000E+00
  415.0000  5.120E+14  4.903E+14  3.674E+14  1.744E+13  0.000E+00
  420.0000  5.041E+14  4.834E+14  3.649E+14  1.751E+13  0.000E+00
  425.0000  5.026E+14  4.826E+14  3.670E+14  1.778E+13  0.000E+00
  430.0000  4.506E+14  4.332E+14  3.317E+14  1.625E+13  0.000E+00
  435.0000  5.336E+14  5.136E+14  3.958E+14  1.958E+13  0.000E+00
  440.0000  5.483E+14  5.284E+14  4.096E+14  2.043E+13  0.000E+00
  445.0000  5.968E+14  5.758E+14  4.490E+14  2.260E+13  0.000E+00
  450.0000  6.427E+14  6.206E+14  4.866E+14  2.471E+13  0.000E+00
  455.0000  6.374E+14  6.160E+14  4.855E+14  2.482E+13  0.000E+00
  460.0000  6.491E+14  6.279E+14  4.971E+14  2.543E+13  0.000E+00
  465.0000  6.463E+14  6.257E+14  4.977E+14  2.566E+13  0.000E+00
  470.0000  6.437E+14  6.237E+14  4.983E+14  2.588E+13  0.000E+00
  475.0000  6.600E+14  6.399E+14  5.133E+14  2.671E+13  0.000E+00
  480.0000  6.774E+14  6.571E+14  5.287E+14  2.733E+13  0.000E+00
  485.0000  6.237E+14  6.054E+14  4.887E+14  2.524E+13  0.000E+00
  490.0000  6.475E+14  6.289E+14  5.096E+14  2.655E+13  0.000E+00
  495.0000  6.666E+14  6.478E+14  5.267E+14  2.748E+13  0.000E+00
  500.0000  6.447E+14  6.267E+14  5.104E+14  2.620E+13  0.000E+00
  505.0000  6.619E+14  6.435E+14  5.249E+14  2.641E+13  0.000E+00
  510.0000  6.681E+14  6.499E+14  5.317E+14  2.697E+13  0.000E+00
  515.0000  6.343E+14  6.173E+14  5.066E+14  2.588E+13  0.000E+00
  520.0000  6.312E+14  6.145E+14  5.053E+14  2.567E+13  0.000E+00
  525.0000  6.553E+14  6.379E+14  5.252E+14  2.623E+13  0.000E+00
  530.0000  6.759E+14  6.581E+14  5.419E+14  2.632E+13  0.000E+00
  535.0000  6.759E+14  6.582E+14  5.427E+14  2.611E+13  0.000E+00
  540.0000  6.642E+14  6.469E+14  5.343E+14  2.561E+13  0.000E+00
  545.0000  6.779E+14  6.603E+14  5.462E+14  2.603E+13  0.000E+00
  550.0000  6.799E+14  6.625E+14  5.489E+14  2.614E+13  0.000E+00
  555.0000  6.850E+14  6.676E+14  5.540E+14  2.620E+13  0.000E+00
  560.0000  6.705E+14  6.533E+14  5.418E+14  2.483E+13  0.000E+00
  565.0000  6.807E+14  6.632E+14  5.497E+14  2.449E+13  0.000E+00
  570.0000  6.798E+14  6.622E+14  5.489E+14  2.398E+13  0.000E+00
  575.0000  6.952E+14  6.773E+14  5.623E+14  2.465E+13  0.000E+00
  580.0000  6.920E+14  6.745E+14  5.616E+14  2.524E+13  0.000E+00
  585.0000  7.000E+14  6.827E+14  5.700E+14  2.627E+13  0.000E+00
  590.0000  6.742E+14  6.576E+14  5.499E+14  2.549E+13  0.000E+00
  595.0000  6.907E+14  6.737E+14  5.637E+14  2.598E+13  0.000E+00
  600.0000  6.810E+14  6.642E+14  5.559E+14  2.538E+13  0.000E+00
  605.0000  6.900E+14  6.732E+14  5.644E+14  2.614E+13  0.000E+00
  610.0000  6.840E+14  6.677E+14  5.616E+14  2.692E+13  0.000E+00
  615.0000  6.714E+14  6.557E+14  5.533E+14  2.755E+13  0.000E+00
  620.0000  6.895E+14  6.737E+14  5.705E+14  2.957E+13  0.000E+00
  625.0000  6.792E+14  6.640E+14  5.640E+14  3.031E+13  0.000E+00
  630.0000  6.827E+14  6.677E+14  5.686E+14  3.144E+13  0.000E+00
  635.0000  6.845E+14  6.697E+14  5.720E+14  3.275E+13  0.000E+00
  640.0000  6.829E+14  6.686E+14  5.730E+14  3.428E+13  0.000E+00
  644.8000  6.825E+14  6.684E+14  5.741E+14  3.523E+13  0.000E+00
  651.0500  6.741E+14  6.604E+14  5.690E+14  3.615E+13  0.000E+00
  660.0000  6.579E+14  6.450E+14  5.579E+14  3.729E+13  0.000E+00
  670.0000  6.730E+14  6.602E+14  5.735E+14  4.037E+13  0.000E+00
  680.0000  6.664E+14  6.540E+14  5.702E+14  4.205E+13  0.000E+00
  690.0000  6.596E+14  6.477E+14  5.667E+14  4.379E+13  0.000E+00
  700.0000  6.483E+14  6.369E+14  5.590E+14  4.495E+13  0.000E+00
  710.0000  6.475E+14  6.363E+14  5.599E+14  4.667E+13  0.000E+00
  720.0000  6.360E+14  6.251E+14  5.515E+14  4.755E+13  0.000E+00
  730.0000  6.369E+14  6.261E+14  5.535E+14  4.924E+13  0.000E+00
------------------------------------------------------------
Photolysis rate coefficients, s-1
   1 = O3 -> O2 + O(1D)                                  
   2 = H2O2 -> 2 OH                                      
   3 = NO2 -> NO + O(3P)                                 
   4 = NO3 -> NO + O2                                    
   5 = NO3 -> NO2 + O(3P)                                
   6 = CH2O -> H + HCO                                   
   7 = CH2O -> H2 + CO                                   
values at z =      0.500 km
Columns: time, sza, photo-reactions
time, hrs.  sza, deg.          1          2          3          4          5          6          7
   12.0000      1.829  5.277E-05  9.446E-06  1.109E-02  2.538E-02  2.008E-01  4.181E-05  5.954E-05
   14.0000     28.200  4.010E-05  8.277E-06  1.040E-02  2.477E-02  1.956E-01  3.616E-05  5.373E-05
   16.0000     58.205  1.115E-05  4.243E-06  7.058E-03  2.084E-02  1.619E-01  1.720E-05  3.072E-05
   18.0000     88.211  8.143E-08  1.045E-07  2.991E-04  1.016E-03  7.751E-03  2.848E-07  9.207E-07
   20.0000    118.216  0.000E+00  0.000E+00  0.000E+00  0.000E+00  0.000E+00  0.000E+00  0.000E+00
------------------------------------------------------------
