270	2.86E-01
272	3.61E-01
274	4.50E-01
276	5.48E-01
278	6.35E-01
280	6.82E-01
282	7.53E-01
284	8.40E-01
286	8.98E-01
288	9.49E-01
290	9.82E-01
292	1.00E+00
294	1.00E+00
296	9.71E-01
298	9.04E-01
300	7.97E-01
302	6.76E-01
304	5.38E-01
306	4.09E-01
308	2.99E-01
310	2.05E-01
312	1.39E-01
314	8.99E-02
316	5.77E-02
318	3.48E-02
320	2.08E-02
322	1.28E-02
324	7.96E-03
326	4.99E-03
328	3.30E-03
330	2.13E-03
332	1.43E-03
334	9.62E-04
336	6.75E-04
338	5.17E-04
340	3.89E-04
342	3.04E-04
344	2.71E-04
346	2.34E-04
348	2.09E-04
350	1.99E-04
352	1.88E-04
354	1.62E-04
356	1.68E-04
358	1.60E-04
360	1.53E-04
362	1.46E-04
364	1.35E-04
366	1.24E-04
368	1.12E-04
370	9.97E-05
372	8.48E-05
374	7.18E-05
376	5.66E-05
378	3.90E-05
380	2.48E-05
382	1.33E-05
