! AFGL atmospheric constituent profile. midlatitude winter. ( AFGL-TR-86-0110)       
!     z(km)      p(mb)   T(K)    air(cm-3)    o3(cm-3)     o2(cm-3)    h2o(cm-3)    co2(cm-3)     no2(cm-3)
    100.000    0.00041 218.600 1.349846E+13 5.399383E+06 2.159753E+12 5.399383E+06 2.632199E+09 4.238515E+03
     99.000    0.00047 216.540 1.588517E+13 7.298907E+06 2.602210E+12 6.747122E+06 3.305919E+09 5.144866E+03
     98.000    0.00055 214.480 1.869558E+13 9.867587E+06 3.135595E+12 8.432036E+06 4.152457E+09 6.245594E+03
     97.000    0.00065 212.420 2.200524E+13 1.334148E+07 3.778657E+12 1.053868E+07 5.216247E+09 7.582516E+03
     96.000    0.00075 210.360 2.590323E+13 1.804006E+07 4.554031E+12 1.317289E+07 6.553177E+09 9.206485E+03
     95.000    0.00088 208.300 3.049464E+13 2.439571E+07 5.489036E+12 1.646711E+07 8.233554E+09 1.117934E+04
     94.000    0.00103 206.540 3.619444E+13 2.895555E+07 6.585831E+12 2.140132E+07 1.004628E+10 1.371998E+04
     93.000    0.00121 204.780 4.296270E+13 3.437016E+07 7.902354E+12 2.781604E+07 1.225898E+10 1.683924E+04
     92.000    0.00143 203.020 5.100038E+13 4.080030E+07 9.482755E+12 3.615616E+07 1.496015E+10 2.066919E+04
     91.000    0.00168 201.260 6.054633E+13 4.843707E+07 1.138008E+13 4.700042E+07 1.825786E+10 2.537215E+04
     90.000    0.00198 199.500 7.188455E+13 5.750764E+07 1.365806E+13 6.110187E+07 2.228421E+10 3.114758E+04
     89.000    0.00234 199.560 8.491118E+13 6.302450E+07 1.629948E+13 7.893513E+07 2.649014E+10 3.815015E+04
     88.000    0.00276 199.620 1.002985E+14 6.907062E+07 1.945173E+13 1.019732E+08 3.148990E+10 4.672703E+04
     87.000    0.00327 199.680 1.184742E+14 7.569675E+07 2.321363E+13 1.317353E+08 3.743332E+10 5.723218E+04
     86.000    0.00386 199.740 1.399436E+14 8.295857E+07 2.770306E+13 1.701838E+08 4.449850E+10 7.009909E+04
     85.000    0.00456 199.800 1.653037E+14 9.091704E+07 3.306074E+13 2.198539E+08 5.289719E+10 8.585875E+04
     84.000    0.00537 201.860 1.925761E+14 8.896886E+07 3.885577E+13 2.779007E+08 6.192943E+10 1.040700E+05
     83.000    0.00632 203.920 2.243712E+14 8.707149E+07 4.567133E+13 3.513097E+08 7.251147E+10 1.261572E+05
     82.000    0.00744 205.980 2.614427E+14 8.522327E+07 5.368788E+13 4.441556E+08 8.491037E+10 1.529477E+05
     81.000    0.00875 208.040 3.046696E+14 8.342265E+07 6.311785E+13 5.615953E+08 9.943933E+10 1.854458E+05
     80.000    0.01030 210.100 3.550785E+14 8.166806E+07 7.421141E+13 7.101571E+08 1.164658E+11 2.248712E+05
     79.000    0.01201 212.160 4.100059E+14 9.588714E+07 8.569123E+13 8.707367E+08 1.346455E+11 2.712789E+05
     78.000    0.01400 214.220 4.734747E+14 1.125925E+08 9.895621E+13 1.067727E+09 1.556778E+11 3.272948E+05
     77.000    0.01633 216.280 5.468190E+14 1.322205E+08 1.142852E+14 1.309405E+09 1.800120E+11 3.949138E+05
     76.000    0.01904 218.340 6.315821E+14 1.552842E+08 1.320006E+14 1.605931E+09 2.081688E+11 4.765461E+05
     75.000    0.02220 220.400 7.295493E+14 1.823873E+08 1.524758E+14 1.969783E+09 2.407513E+11 5.751037E+05
     74.000    0.02579 222.460 8.397757E+14 2.205694E+08 1.755131E+14 2.360245E+09 2.771260E+11 6.952202E+05
     73.000    0.02997 224.520 9.667389E+14 2.667677E+08 2.020484E+14 2.828349E+09 3.190238E+11 8.404965E+05
     72.000    0.03482 226.580 1.112991E+15 3.226692E+08 2.326151E+14 3.389576E+09 3.672869E+11 1.016216E+06
     71.000    0.04045 228.640 1.281474E+15 3.903174E+08 2.678281E+14 4.062504E+09 4.228865E+11 1.228773E+06
     70.000    0.04700 230.700 1.475583E+15 4.721865E+08 3.083968E+14 4.869423E+09 4.869423E+11 1.485912E+06
     69.000    0.05410 232.740 1.683702E+15 6.004236E+08 3.518937E+14 5.774154E+09 5.556216E+11 1.790067E+06
     68.000    0.06228 234.780 1.921323E+15 7.635462E+08 4.015564E+14 6.847510E+09 6.340365E+11 2.156648E+06
     67.000    0.07169 236.820 2.192644E+15 9.710594E+08 4.582627E+14 8.121005E+09 7.235727E+11 2.598494E+06
     66.000    0.08253 238.860 2.502466E+15 1.235061E+09 5.230155E+14 9.632057E+09 8.258139E+11 3.131096E+06
     65.000    0.09500 240.900 2.856275E+15 1.570952E+09 5.969615E+14 1.142510E+10 9.425709E+11 3.773140E+06
     64.000    0.10890 242.880 3.247372E+15 2.012900E+09 6.787007E+14 1.329911E+10 1.071633E+12 4.568168E+06
     63.000    0.12482 244.860 3.692264E+15 2.579350E+09 7.716831E+14 1.548152E+10 1.218447E+12 5.531079E+06
     62.000    0.14308 246.840 4.198382E+15 3.305423E+09 8.774618E+14 1.802326E+10 1.385466E+12 6.697400E+06
     61.000    0.16401 248.820 4.774182E+15 4.236152E+09 9.978041E+14 2.098365E+10 1.575480E+12 8.110178E+06
     60.000    0.18800 250.800 5.429297E+15 5.429297E+09 1.134723E+15 2.443184E+10 1.791668E+12 9.821598E+06
     59.000    0.21432 252.760 6.141477E+15 6.829087E+09 1.283569E+15 2.805377E+10 2.026688E+12 1.197242E+07
     58.000    0.24433 254.720 6.947497E+15 8.590292E+09 1.452027E+15 3.221459E+10 2.292674E+12 1.459512E+07
     57.000    0.27854 256.680 7.859763E+15 1.080634E+10 1.642691E+15 3.699470E+10 2.593722E+12 1.779341E+07
     56.000    0.31754 258.640 8.892338E+15 1.359487E+10 1.858499E+15 4.248659E+10 2.934472E+12 2.169383E+07
     55.000    0.36200 260.600 1.006115E+16 1.710395E+10 2.102779E+15 4.879655E+10 3.320178E+12 2.645075E+07
     54.000    0.41101 261.620 1.137872E+16 2.129703E+10 2.378152E+15 5.541249E+10 3.754977E+12 3.279653E+07
     53.000    0.46665 262.640 1.286903E+16 2.651845E+10 2.689627E+15 6.292640E+10 4.246779E+12 4.066534E+07
     52.000    0.52983 263.660 1.455475E+16 3.302053E+10 3.041943E+15 7.146027E+10 4.803068E+12 5.042286E+07
     51.000    0.60156 264.680 1.646154E+16 4.111747E+10 3.440461E+15 8.115269E+10 5.432307E+12 6.252261E+07
     50.000    0.68300 265.700 1.861840E+16 5.120061E+10 3.891246E+15 9.216110E+10 6.144073E+12 7.752704E+07
     49.000    0.77607 265.460 2.117472E+16 6.556891E+10 4.425516E+15 1.052371E+11 6.987658E+12 1.148934E+08
     48.000    0.88183 265.220 2.408205E+16 8.396945E+10 5.033148E+15 1.201684E+11 7.947075E+12 1.702697E+08
     47.000    1.00143 263.780 2.749740E+16 1.062685E+11 5.746956E+15 1.374870E+11 9.074142E+12 2.445423E+08
     46.000    1.13659 261.140 3.152425E+16 1.329169E+11 6.588568E+15 1.576213E+11 1.040300E+13 3.403904E+08
     45.000    1.29000 258.500 3.614452E+16 1.662648E+11 7.554204E+15 1.807226E+11 1.192769E+13 4.738546E+08
     44.000    1.47388 255.420 4.179470E+16 2.123815E+11 8.735092E+15 2.089735E+11 1.379225E+13 6.590345E+08
     43.000    1.68398 252.340 4.833516E+16 2.713291E+11 1.010205E+16 2.416758E+11 1.595060E+13 9.167150E+08
     42.000    1.92682 249.280 5.598452E+16 3.408155E+11 1.170076E+16 2.793605E+11 1.847489E+13 1.252558E+09
     41.000    2.20791 246.240 6.494354E+16 4.209071E+11 1.357320E+16 3.227655E+11 2.143137E+13 1.681122E+09
     40.000    2.53000 243.200 7.534773E+16 5.198993E+11 1.574767E+16 3.729712E+11 2.486475E+13 2.256664E+09
     39.000    2.91335 240.120 8.787762E+16 6.167664E+11 1.836642E+16 4.332313E+11 2.899961E+13 2.945405E+09
     38.000    3.35480 237.040 1.025080E+17 7.318019E+11 2.142417E+16 5.033101E+11 3.382764E+13 3.844983E+09
     37.000    3.87176 233.980 1.198512E+17 8.605184E+11 2.504891E+16 5.860676E+11 3.955091E+13 5.003638E+09
     36.000    4.47836 230.940 1.404536E+17 1.002815E+12 2.935481E+16 6.840005E+11 4.634969E+13 6.491124E+09
     35.000    5.18000 227.900 1.646261E+17 1.168845E+12 3.440686E+16 7.984366E+11 5.432662E+13 8.422272E+09
     34.000    6.02569 224.900 1.940575E+17 1.354219E+12 4.055802E+16 9.372857E+11 6.403897E+13 1.066988E+10
     33.000    7.00944 221.900 2.287912E+17 1.569272E+12 4.781736E+16 1.100476E+12 7.550110E+13 1.351970E+10
     32.000    8.16361 219.800 2.690095E+17 1.789949E+12 5.622298E+16 1.288544E+12 8.877313E+13 1.717113E+10
     31.000    9.51925 218.600 3.154028E+17 2.009403E+12 6.591920E+16 1.504452E+12 1.040829E+14 2.185776E+10
     30.000   11.10000 217.400 3.698083E+17 2.255831E+12 7.728994E+16 1.756590E+12 1.220367E+14 2.782438E+10
     29.000   12.99468 216.640 4.344505E+17 2.561023E+12 9.080016E+16 2.054923E+12 1.433687E+14 3.463200E+10
     28.000   15.21277 215.880 5.103983E+17 2.907540E+12 1.066733E+17 2.403954E+12 1.684314E+14 4.310571E+10
     27.000   17.80827 215.440 5.986993E+17 3.290585E+12 1.251281E+17 2.807874E+12 1.975707E+14 5.315558E+10
     26.000   20.84519 215.320 7.011885E+17 3.712377E+12 1.465484E+17 3.274505E+12 2.313922E+14 6.494054E+10
     25.000   24.40000 215.200 8.212225E+17 4.188235E+12 1.716355E+17 3.818685E+12 2.710034E+14 7.933830E+10
     24.000   28.60000 215.200 9.625804E+17 4.524128E+12 2.011793E+17 4.427870E+12 3.176516E+14 1.008784E+11
     23.000   33.40000 215.200 1.124133E+18 4.833770E+12 2.349437E+17 5.114803E+12 3.709637E+14 1.263525E+11
     22.000   39.10000 215.200 1.315976E+18 5.132305E+12 2.750389E+17 5.961370E+12 4.342719E+14 1.618650E+11
     21.000   45.80000 215.200 1.541475E+18 5.395163E+12 3.221683E+17 6.936637E+12 5.086867E+14 2.099489E+11
     20.000   53.70000 215.200 1.807363E+18 5.241352E+12 3.777388E+17 8.133132E+12 5.964296E+14 2.929735E+11
     19.000   62.80000 215.200 2.113638E+18 4.861368E+12 4.417504E+17 9.511372E+12 6.975006E+14 3.895435E+11
     18.000   73.60000 215.700 2.471388E+18 4.448498E+12 5.165201E+17 1.112125E+13 8.155581E+14 5.372797E+11
     17.000   86.10000 216.200 2.884435E+18 4.038209E+12 6.028469E+17 1.297996E+13 9.518635E+14 6.983217E+11
     16.000  100.70000 216.700 3.365765E+18 3.702342E+12 7.034450E+17 1.548252E+13 1.110703E+15 8.788013E+11
     15.000  117.80000 217.200 3.928247E+18 3.535422E+12 8.210036E+17 1.846276E+13 1.296322E+15 1.070054E+12
     14.000  137.80000 217.700 4.584628E+18 3.667702E+12 9.581871E+17 2.200621E+13 1.512927E+15 1.283696E+12
     13.000  161.10001 218.200 5.347541E+18 3.762530E+12 1.117636E+18 2.673770E+13 1.764689E+15 1.529397E+12
     12.000  188.20000 218.700 6.232813E+18 3.261008E+12 1.302658E+18 3.739688E+13 2.056828E+15 1.829954E+12
     11.000  219.89999 219.200 7.266043E+18 2.633214E+12 1.518603E+18 7.266043E+13 2.397794E+15 2.171820E+12
     10.000  256.79999 219.700 8.465999E+18 2.006442E+12 1.769394E+18 2.505936E+14 2.793780E+15 2.621073E+12
      9.000  299.29999 225.700 9.604801E+18 1.505072E+12 2.007404E+18 5.346032E+14 3.169584E+15 3.037999E+12
      8.000  347.29999 231.700 1.085655E+19 1.127996E+12 2.269020E+18 1.169251E+15 3.582663E+15 3.468669E+12
      7.000  401.60001 237.700 1.223708E+19 9.656280E+11 2.557550E+18 2.840226E+15 4.038236E+15 3.915866E+12
      6.000  462.70001 243.700 1.375173E+19 8.026884E+11 2.874111E+18 7.017507E+15 4.538070E+15 4.400553E+12
      5.000  531.29999 249.700 1.541113E+19 7.274055E+11 3.220927E+18 1.270031E+16 5.085673E+15 4.931562E+12
      4.000  608.09998 255.700 1.722493E+19 6.144134E+11 3.600011E+18 2.204791E+16 5.684228E+15 5.511978E+12
      3.000  693.79999 261.700 1.920188E+19 6.144604E+11 4.013194E+18 4.009353E+16 6.336621E+15 6.144602E+12
      2.000  789.70001 265.200 2.156760E+19 6.144610E+11 4.507629E+18 6.013048E+16 7.117309E+15 6.901633E+12
      1.000  897.29999 268.700 2.418707E+19 6.772379E+11 5.055097E+18 8.354213E+16 7.981732E+15 7.739861E+12
      0.000 1018.00000 272.200 2.708775E+19 7.524976E+11 5.661339E+18 1.169107E+17 8.938956E+15 8.668079E+12
